0 500
413.679 500
413.679 439.667
0 439.667
0 500

413.679 500
1000 500
1000 439.667
413.679 439.667
413.679 500

0 439.667
413.679 439.667
413.679 0
0 0
0 439.667

413.679 439.667
1000 439.667
1000 0
413.679 0
413.679 439.667

413.679 439.667
725.727 439.667
725.727 138.777
413.679 138.777
413.679 439.667

725.727 439.667
1000 439.667
1000 138.777
725.727 138.777
725.727 439.667

413.679 138.777
725.727 138.777
725.727 0
413.679 0
413.679 138.777

725.727 138.777
1000 138.777
1000 0
725.727 0
725.727 138.777

725.727 138.777
768.333 138.777
768.333 126.43
725.727 126.43
725.727 138.777

768.333 138.777
1000 138.777
1000 126.43
768.333 126.43
768.333 138.777

725.727 126.43
768.333 126.43
768.333 0
725.727 0
725.727 126.43

768.333 126.43
1000 126.43
1000 0
768.333 0
768.333 126.43

725.727 138.777
733.749 138.777
733.749 135.94
725.727 135.94
725.727 138.777

733.749 138.777
768.333 138.777
768.333 135.94
733.749 135.94
733.749 138.777

725.727 135.94
733.749 135.94
733.749 126.43
725.727 126.43
725.727 135.94

733.749 135.94
768.333 135.94
768.333 126.43
733.749 126.43
733.749 135.94

768.333 126.43
852.724 126.43
852.724 104.244
768.333 104.244
768.333 126.43

852.724 126.43
1000 126.43
1000 104.244
852.724 104.244
852.724 126.43

768.333 104.244
852.724 104.244
852.724 0
768.333 0
768.333 104.244

852.724 104.244
1000 104.244
1000 0
852.724 0
852.724 104.244

725.727 135.94
732.925 135.94
732.925 132.069
725.727 132.069
725.727 135.94

732.925 135.94
733.749 135.94
733.749 132.069
732.925 132.069
732.925 135.94

725.727 132.069
732.925 132.069
732.925 126.43
725.727 126.43
725.727 132.069

732.925 132.069
733.749 132.069
733.749 126.43
732.925 126.43
732.925 132.069

0 439.667
172.765 439.667
172.765 59.551
0 59.551
0 439.667

172.765 439.667
413.679 439.667
413.679 59.551
172.765 59.551
172.765 439.667

0 59.551
172.765 59.551
172.765 0
0 0
0 59.551

172.765 59.551
413.679 59.551
413.679 0
172.765 0
172.765 59.551

725.727 138.777
728.135 138.777
728.135 138.407
725.727 138.407
725.727 138.777

728.135 138.777
733.749 138.777
733.749 138.407
728.135 138.407
728.135 138.777

725.727 138.407
728.135 138.407
728.135 135.94
725.727 135.94
725.727 138.407

728.135 138.407
733.749 138.407
733.749 135.94
728.135 135.94
728.135 138.407

0 439.667
156.135 439.667
156.135 73.4465
0 73.4465
0 439.667

156.135 439.667
172.765 439.667
172.765 73.4465
156.135 73.4465
156.135 439.667

0 73.4465
156.135 73.4465
156.135 59.551
0 59.551
0 73.4465

156.135 73.4465
172.765 73.4465
172.765 59.551
156.135 59.551
156.135 73.4465

725.727 135.94
728.718 135.94
728.718 131.029
725.727 131.029
725.727 135.94

728.718 135.94
733.749 135.94
733.749 131.029
728.718 131.029
728.718 135.94

725.727 131.029
728.718 131.029
728.718 126.43
725.727 126.43
725.727 131.029

728.718 131.029
733.749 131.029
733.749 126.43
728.718 126.43
728.718 131.029

